181.83 324.86
137.67 212.51
177.74 298.09
176.86 323.66
238.42 264.65
180.25 319.46
230.02 261.52
180.76 272.09
24.73 369.53
63.27 290.96
339.04 291.11
304.56 352.36
131.55 43.62
42.94 32.51
53.71 30.44
140.19 236.89
348.91 380.06
181.40 261.46
171.11 124.83
430.40 400.30
156.98 354.85
74.81 203.63
100.89 200.57
285.45 276.28
134.10 206.55
130.30 411.87
19.53 353.01
181.88 348.76
400.84 283.47
132.59 366.65
243.37 107.56
287.58 283.72
194.22 277.61
49.33 102.16
229.53 346.96
219.49 324.95
124.18 379.33
185.21 290.25
12.71 313.93
210.35 261.43
100.61 388.34
239.76 226.30
19.99 248.90
435.07 226.11
426.08 405.09
71.09 189.02
67.48 284.73
47.95 386.70
13.93 378.48
152.09 42.89
217.11 263.14
244.44 123.99
93.50 363.18
65.76 398.31
56.07 214.66
45.63 361.92
52.87 380.90
134.39 295.42
193.21 340.71
313.99 356.68
142.09 372.94
68.22 192.54
56.08 106.42
122.96 412.32
91.37 160.97
110.51 272.59
59.28 365.09
169.67 253.14
41.49 218.67
250.88 254.52
395.07 320.93
420.98 224.60
61.81 184.95
57.84 96.43
319.91 313.66
409.44 222.47
279.60 127.77
205.06 326.67
41.95 413.11
245.85 250.02
324.18 266.12
331.35 348.35
157.18 72.53
138.62 272.11
175.83 35.24
124.38 224.32
283.98 132.68
346.77 391.69
316.52 302.89
72.60 261.89
242.33 239.42
133.98 192.99
122.49 121.20
470.86 230.20
72.82 292.97
107.83 389.86
89.31 134.36
67.61 200.92
208.77 308.57
263.83 89.19
354.92 328.07
433.32 232.43
260.07 469.62
71.98 140.30
38.90 239.15
147.20 267.95
139.29 45.89
197.15 303.11
371.33 355.26
347.14 226.00
89.60 261.90
85.17 125.32
263.39 259.16
342.65 326.04
422.21 219.46
460.03 261.07
313.15 343.22
89.16 119.99
436.40 348.14
334.97 145.73
474.20 361.34
86.15 130.26
39.99 149.02
250.62 129.56
88.84 290.29
461.71 443.85
458.94 473.05
435.39 424.39
244.80 343.91
465.69 262.87
296.27 176.27
32.87 364.35
330.14 314.78
80.34 249.43
476.51 254.00
184.68 235.73
340.66 356.98
107.69 45.79
104.07 364.21
283.41 77.94
62.58 218.54
50.56 260.88
117.69 386.50
213.00 294.24
128.28 113.26
30.06 316.47
410.12 216.79
42.37 98.91
252.82 469.13
217.33 101.01
221.81 224.02
95.30 225.64
245.20 324.37
435.97 409.34
209.09 127.79
149.84 379.08
123.45 233.41
226.00 235.24
332.53 362.70
408.69 257.79
31.88 157.98
372.09 315.53
354.28 334.66
283.07 211.16
250.43 227.82
424.86 445.50
44.81 306.26
269.59 197.26
323.51 92.60
123.58 404.50
271.11 305.96
159.45 254.96
78.12 135.56
317.70 379.96
385.46 48.96
35.13 256.39
226.42 290.26
469.54 239.17
18.05 305.08
223.64 132.52
263.85 412.86
219.51 50.63
100.50 222.24
251.11 344.30
259.86 358.12
339.04 304.83
366.68 397.14
477.27 297.11
350.46 346.55
70.64 114.33
30.09 204.50
233.89 92.95
451.32 293.15
48.99 354.03
207.40 314.61
209.15 224.34
57.12 300.65
16.10 297.96
457.75 291.00
298.97 98.26
96.95 150.08
439.94 373.97
250.22 211.52
264.49 276.24
46.23 237.58
234.44 151.60
68.01 118.32
278.09 197.04
427.51 316.59
412.24 375.35
179.36 110.59
389.98 287.95
40.70 247.92
188.07 181.71
34.68 378.97
248.99 337.05
456.49 447.61
139.94 223.62
209.62 55.88
276.30 183.49
209.00 135.21
108.27 87.61
158.83 116.74
453.33 452.31
449.43 422.72
246.27 155.66
201.25 348.10
121.11 165.92
116.70 290.08
434.94 289.42
132.49 168.49
185.97 226.42
234.75 282.03
152.26 86.05
246.33 297.00
169.82 189.47
305.02 101.33
35.35 98.25
304.46 300.02
99.12 91.82
363.84 196.15
301.05 377.51
297.98 185.61
35.72 190.93
296.50 375.48
438.05 293.90
112.67 94.96
154.45 131.79
155.67 243.39
420.59 213.08
66.76 91.97
76.81 376.40
321.34 162.41
412.91 346.06
76.48 158.69
211.51 337.61
21.75 260.46
32.00 415.11
317.53 204.49
405.53 385.30
111.00 403.96
61.73 386.16
143.95 114.52
191.32 202.62
379.28 363.57
317.37 149.94
305.09 265.26
242.95 365.42
347.87 354.03
128.90 173.94
222.57 98.07
299.05 371.06
27.48 283.62
457.87 383.29
66.97 380.04
209.65 277.66
399.17 261.38
253.32 324.43
360.01 394.11
216.68 214.18
237.90 351.84
72.83 380.71
477.49 307.78
454.44 378.46
448.57 322.84
152.51 174.68
441.50 317.40
44.06 74.35
134.56 55.70
164.73 32.29
455.10 306.93
47.87 400.55
407.93 235.90
366.21 173.94
290.13 123.34
186.69 107.52
85.66 151.82
232.60 466.44
367.14 327.73
39.11 85.82
202.71 277.52
120.95 397.97
250.63 156.86
94.95 267.21
461.66 211.20
241.50 144.14
383.70 394.88
73.12 89.98
259.58 392.08
128.21 432.24
284.33 219.86
337.20 171.13
210.06 144.22
469.00 276.24
272.68 112.31
432.12 282.84
114.86 158.25
110.56 121.19
375.71 56.58
40.17 295.91
13.89 286.01
54.86 39.84
181.70 177.33
409.40 211.28
490.14 293.52
450.98 441.76
439.76 467.08
53.29 166.32
353.53 214.91
284.24 315.37
105.64 156.50
449.61 275.96
481.28 312.40
83.67 88.41
100.22 330.29
292.45 344.94
362.86 318.00
152.13 116.32
324.98 140.11
342.66 253.31
368.67 184.79
158.02 92.79
64.44 72.17
412.50 101.69
125.39 155.28
425.56 114.37
348.97 273.14
44.05 202.66
202.28 154.88
444.58 364.40
102.55 112.34
291.92 224.67
299.91 234.86
445.50 212.33
111.77 246.82
104.21 309.16
408.79 336.19
307.30 116.44
63.46 161.93
147.24 99.40
172.18 222.80
300.96 137.86
334.43 211.77
243.81 313.78
454.61 283.65
117.50 263.04
469.84 390.65
53.34 294.33
37.31 47.32
454.29 366.01
367.32 387.21
261.91 152.26
411.97 311.76
27.78 395.13
310.58 276.97
350.13 175.09
219.40 148.98
87.46 398.97
361.84 258.08
256.90 424.49
432.87 325.55
199.71 110.84
312.73 251.23
406.07 341.53
282.53 183.34
260.61 244.22
116.42 364.34
393.20 242.12
494.24 122.59
215.08 300.85
309.49 173.21
133.07 160.15
59.91 415.85
129.49 71.28
491.55 127.68
129.80 146.98
98.85 261.08
385.77 303.11
316.25 142.39
226.45 393.61
42.65 115.68
378.74 320.00
488.23 91.67
397.87 329.66
145.67 71.92
138.53 143.04
405.16 347.82
356.07 282.82
217.10 460.17
395.15 298.52
121.42 142.31
118.52 331.21
109.29 165.29
312.30 103.31
202.42 243.91
486.47 212.53
48.41 157.47
120.66 282.00
102.35 120.51
332.87 199.66
131.12 153.58
364.58 247.27
105.06 143.55
145.43 106.13
367.08 242.13
252.31 398.24
119.74 137.28
56.51 280.76
268.58 242.86
78.73 214.12
482.34 219.04
118.68 174.48
490.14 138.15
262.79 140.34
379.67 270.54
259.77 269.75
462.76 352.96
228.76 305.62
46.26 165.30
259.15 291.79
204.90 200.15
364.37 360.78
77.66 34.83
116.47 257.48
78.43 241.44
214.23 114.66
398.59 50.10
192.45 97.66
492.92 220.91
476.87 287.13
151.95 233.58
305.89 131.70
308.19 214.03
371.81 218.74
444.77 306.14
468.39 309.29
325.64 288.97
414.26 407.51
256.28 205.38
389.15 265.03
113.35 63.60
101.62 240.40
215.17 179.60
330.20 287.17
117.97 75.76
218.45 76.52
282.08 143.75
445.20 106.16
93.01 241.85
278.68 335.55
319.03 240.25
369.32 262.58
468.99 452.09
221.55 117.06
184.93 46.39
300.35 245.62
184.13 56.06
371.97 257.60
360.93 220.70
144.75 290.84
169.09 94.54
293.15 133.02
107.28 256.10
294.00 159.55
200.65 123.24
267.37 145.42
14.85 415.00
164.23 156.83
298.40 359.85
464.38 92.06
107.22 330.40
190.67 123.25
175.17 144.01
57.32 231.29
473.92 181.89
466.86 372.66
467.29 346.82
292.79 248.25
105.33 262.50
237.25 304.99
263.55 168.87
371.80 290.11
176.55 159.07
225.16 369.73
256.43 279.02
54.82 159.33
484.93 156.57
16.73 451.85
243.26 196.14
