190.17 333.16
132.03 221.72
182.72 306.08
185.26 331.81
237.44 273.47
189.36 326.64
229.98 268.74
181.75 280.02
41.17 377.64
67.02 300.47
341.86 298.98
315.26 359.11
102.90 52.32
13.68 39.73
25.47 37.17
138.43 245.10
361.95 387.59
181.78 270.07
150.91 133.03
442.61 407.93
171.39 363.30
67.50 212.64
91.36 209.52
286.02 284.02
125.29 214.87
149.68 420.98
32.88 361.96
196.71 356.89
400.39 290.25
148.27 375.78
224.08 115.25
289.18 290.80
195.38 286.52
27.50 111.35
242.01 354.34
227.98 332.73
142.03 387.55
189.96 298.45
18.97 323.48
210.40 269.58
118.24 396.25
231.81 234.52
19.14 258.05
426.59 234.09
439.32 411.60
61.68 197.79
71.98 293.49
64.85 395.46
31.31 387.54
125.96 50.84
217.11 271.32
226.41 131.15
110.35 370.96
83.66 406.82
49.64 223.85
59.84 371.15
69.57 390.28
139.05 304.06
206.21 349.12
323.88 365.03
158.83 381.63
57.74 202.00
36.19 113.98
143.72 421.84
76.77 169.56
113.86 281.40
75.08 373.98
169.66 260.53
36.13 227.16
248.87 262.01
401.79 328.63
411.55 233.10
52.19 192.93
37.58 103.68
322.59 322.33
400.83 229.73
258.88 134.70
213.26 335.00
62.26 422.26
242.82 258.00
323.66 274.29
340.89 356.10
133.87 80.02
140.86 279.57
150.50 41.37
120.16 233.33
262.75 141.45
360.37 398.81
320.36 309.63
73.23 269.91
237.32 247.33
125.16 200.95
102.50 129.49
463.97 236.84
77.71 301.96
125.85 398.79
71.51 141.85
59.50 209.88
213.64 316.53
236.75 96.60
360.46 334.18
423.54 240.98
292.91 477.57
54.39 148.25
35.57 248.19
148.28 276.25
111.01 54.31
201.72 312.49
379.18 363.55
346.07 234.10
89.51 271.28
66.26 133.32
261.32 266.74
348.28 332.79
413.82 226.86
459.89 269.92
322.88 351.31
70.27 127.79
445.37 356.16
320.14 151.16
481.65 368.97
68.45 137.68
24.56 157.68
232.18 136.62
93.59 298.79
482.81 450.93
480.74 480.47
455.48 430.57
257.33 352.16
463.88 271.35
281.84 184.23
47.77 373.42
334.93 322.80
80.77 257.77
473.55 262.55
181.97 243.69
350.46 363.76
75.47 53.96
119.86 373.39
254.95 85.89
57.09 226.93
51.17 269.09
135.27 394.97
218.33 302.35
108.06 120.93
39.28 324.85
400.72 224.63
20.54 107.64
285.20 476.35
197.12 108.73
213.69 232.19
91.09 234.69
251.93 331.70
449.11 417.28
190.32 135.50
170.36 387.18
120.29 240.29
220.84 242.68
343.35 369.92
407.49 266.44
17.29 166.09
379.27 323.74
360.04 343.28
273.73 218.52
242.46 236.31
444.70 451.94
51.77 315.34
259.23 203.81
295.98 100.86
140.92 413.07
277.98 313.71
158.72 263.54
59.32 144.41
331.37 386.86
371.39 56.48
34.70 264.90
231.98 297.93
461.99 246.97
26.27 312.58
205.26 140.11
282.83 420.54
190.81 59.22
96.35 231.61
264.17 351.57
272.99 365.91
341.33 311.69
380.39 404.32
480.44 304.36
357.18 354.57
51.94 121.53
22.70 214.21
213.44 100.01
454.93 301.44
63.97 362.77
212.78 324.45
204.01 232.18
63.18 309.94
22.55 306.97
462.24 298.28
271.91 105.93
80.65 157.66
449.18 381.30
240.06 219.77
270.04 283.70
43.13 246.66
215.16 160.90
49.17 125.45
266.77 204.52
432.85 324.63
422.88 382.99
158.11 119.04
393.28 294.98
40.42 256.48
174.16 190.16
50.83 388.45
259.49 344.55
478.47 455.32
137.18 232.35
181.90 62.78
262.68 190.57
190.42 141.94
85.08 95.86
137.91 125.17
475.10 458.78
470.14 431.37
227.94 164.40
219.73 357.10
105.18 174.48
121.29 298.79
440.36 295.66
117.52 176.50
181.60 236.39
239.54 290.18
129.81 93.92
252.36 305.30
157.07 196.63
280.34 109.94
13.58 107.21
306.27 308.51
77.00 99.58
351.65 204.26
314.96 384.73
282.67 194.43
27.36 199.14
310.54 382.81
441.43 302.16
90.56 102.52
135.49 140.04
154.82 251.17
409.17 220.55
45.70 100.20
95.09 384.56
304.07 169.60
419.56 354.32
60.88 167.12
221.74 347.35
21.77 269.34
53.34 423.97
312.08 212.25
416.04 393.10
129.63 412.61
79.10 395.28
122.80 122.98
180.28 210.55
387.80 371.62
298.18 157.77
303.67 272.94
265.95 372.56
357.50 362.15
113.67 182.09
202.11 105.31
314.82 380.31
31.57 292.99
468.16 390.30
84.10 388.65
211.75 285.62
400.21 267.82
260.25 332.44
373.70 401.74
206.66 222.42
248.59 358.35
90.08 390.48
481.00 315.88
463.84 386.18
454.15 330.77
138.06 183.74
447.02 324.96
20.87 81.66
108.11 64.10
138.65 39.54
459.58 314.91
67.22 410.07
405.72 243.27
355.22 181.54
268.56 130.47
167.90 115.71
69.85 159.56
266.60 472.81
373.64 336.27
16.06 94.02
204.93 285.61
140.03 406.28
234.38 163.62
97.27 274.62
450.83 216.75
223.30 152.32
396.18 402.47
52.18 98.31
281.95 399.35
150.34 440.68
275.11 228.01
324.83 178.98
191.87 151.70
470.33 283.33
250.35 119.19
436.34 289.94
98.92 166.40
90.57 129.84
363.38 62.05
47.01 305.06
16.89 296.37
28.73 47.45
168.42 184.45
398.37 218.94
492.68 301.21
472.23 448.65
460.74 474.17
39.70 175.23
352.56 222.45
289.83 323.27
89.57 165.66
373.48 288.69
484.69 320.51
62.39 96.15
109.86 339.17
303.09 352.85
369.80 325.68
132.32 123.84
304.52 147.19
344.09 260.17
357.17 191.99
136.18 98.33
43.52 79.81
399.57 108.57
108.54 163.63
413.74 120.99
351.75 281.26
36.90 212.01
185.09 163.17
454.01 371.79
83.51 120.14
282.93 233.87
296.55 243.22
437.21 220.43
112.63 255.14
110.86 318.18
416.21 343.06
284.03 124.22
48.86 170.09
125.86 106.55
169.19 231.35
280.92 145.71
327.98 219.90
249.56 322.09
459.22 291.29
119.28 270.49
480.20 398.17
59.51 303.28
12.09 54.62
463.21 372.35
380.02 395.29
245.20 160.82
417.21 319.27
48.17 404.13
310.09 284.52
338.53 182.57
202.06 156.15
105.67 408.01
362.35 265.55
277.03 432.20
438.11 333.40
180.24 117.23
310.57 259.16
413.50 348.54
269.38 191.13
258.77 251.79
132.72 373.93
394.31 248.75
480.55 130.85
219.84 309.46
294.20 181.61
117.31 167.78
80.00 424.87
103.80 78.78
477.58 136.02
112.88 154.76
99.70 269.60
391.20 310.12
295.81 149.82
249.47 401.57
22.91 124.11
386.47 327.34
474.99 99.29
404.24 337.35
123.18 78.79
120.73 151.11
411.50 355.75
358.68 291.21
258.67 466.44
398.54 307.17
103.50 150.45
128.93 340.00
95.00 172.93
286.54 109.43
202.50 251.89
473.18 220.83
33.51 165.39
125.88 289.79
83.04 129.38
321.10 206.48
114.29 161.94
365.11 255.19
87.04 151.85
124.01 114.16
367.89 249.62
273.35 407.02
101.86 144.94
60.29 289.65
266.33 249.96
73.17 222.41
469.55 227.78
103.68 183.07
478.10 144.67
243.79 148.13
381.30 277.34
259.10 277.86
470.09 360.52
234.83 314.13
33.06 173.90
265.46 299.77
193.77 207.75
373.50 368.20
50.29 42.78
116.41 265.37
75.46 251.88
195.12 123.14
385.65 56.86
170.77 105.39
482.61 230.23
478.26 294.18
150.60 241.02
284.61 140.20
302.49 221.52
372.90 226.47
449.78 313.03
472.49 316.77
327.66 296.55
427.84 414.76
246.16 212.82
389.89 272.94
87.08 72.05
102.73 247.73
201.04 187.86
331.97 294.63
93.64 83.85
196.54 84.20
261.73 152.19
432.27 112.96
93.52 250.04
288.68 343.80
316.85 248.15
371.13 270.17
490.16 458.38
203.95 123.46
159.53 53.93
298.18 253.66
159.36 62.67
372.34 265.17
361.32 228.17
149.20 298.79
146.74 102.79
273.76 140.67
107.13 265.00
275.99 166.64
180.87 131.47
250.49 152.53
36.60 425.04
147.48 165.09
310.32 367.81
450.68 100.25
116.83 339.39
171.66 130.76
157.02 152.14
53.22 240.32
462.41 188.91
476.07 380.16
474.05 354.81
290.69 256.22
106.03 270.86
243.32 313.39
248.36 176.48
376.42 297.32
160.89 166.80
247.18 378.50
261.46 287.31
40.28 167.69
471.50 164.16
45.58 461.46
231.17 204.11
